    4 base-pairs
...     1 G-C ...
    0.0002    0.0001   -0.0003
    1.0000   -0.0000    0.0001
    0.0000    1.0000   -0.0000
   -0.0001    0.0000    1.0000
...     2 A-T ...
   -0.1401    0.4807    3.3702
    0.7969    0.6034   -0.0284
   -0.6035    0.7973    0.0094
    0.0283    0.0096    0.9996
...     3 T-A ...
   -0.3770    0.8067    6.7244
    0.2945    0.9546   -0.0460
   -0.9546    0.2961    0.0334
    0.0455    0.0341    0.9984
...     4 C-G ...
   -0.7252    0.9900   10.1090
   -0.3427    0.9384   -0.0447
   -0.9384   -0.3397    0.0638
    0.0447    0.0638    0.9970
