    4 base-pairs
...     1 G-C ...
   -0.5170   -0.0317    0.0110
   -0.9998   -0.0178    0.0008
   -0.0178    0.9987   -0.0483
    0.0001   -0.0483   -0.9988
...     2 A-T ...
   -0.3866    0.2928   -3.3778
   -0.8075    0.5899   -0.0001
    0.5892    0.8065   -0.0482
   -0.0284   -0.0390   -0.9988
...     3 T-A ...
   -0.1589    0.4584   -6.7472
   -0.3114    0.9503    0.0001
    0.9492    0.3111   -0.0482
   -0.0459   -0.0149   -0.9988
...     4 C-G ...
    0.1901    0.4825  -10.1360
    0.3259    0.9454   -0.0008
    0.9443   -0.3255   -0.0483
   -0.0459    0.0150   -0.9988
